#Data (# Pixels Processed)
1907136
#Frame By Frame Analysis of Color
0.33179
0.32931
0.33101
0.32772
0.326018
0.32712
0.325715
0.322389
0.320732
0.319766
0.317907
0.318232
0.234308
0.235449
0.233089
0.235549
0.242024
0.241709
0.241709
0.2381
0.235282
0.232029
0.234424
0.233946
0.234305
0.233961
0.230328
0.230418
0.22935
0.229611
0.22995
0.230728
0.230906
0.231884
0.232097
0.232884
0.231625
0.232231
0.230745
0.230505
0.23089
0.229513
0.229513
0.23076
0.230397
0.235535
0.237741
0.239329
0.239083
0.236337
0.237434
0.239398
0.239603
0.237306
0.233751
0.234387
0.233584
0.23318
0.234317
0.231197
0.233001
0.231757
0.231718
0.232343
0.232264
0.231814
0.232837
0.232837
0.231272
0.231493
0.229729
0.229134
0.230913
0.230033
0.231124
0.235083
0.234993
0.236247
0.238636
0.239054
0.241005
0.241778
0.24355
0.244175
0.246655
0.250196
0.254099
0.256526
0.260967
0.25648
0.264258
0.264258
0.265263
0.26853
0.267592
0.273217
0.275238
0.277015
0.277759
0.27656
0.279873
0.280705
0.281007
0.284754
0.283734
0.284754
0.285618
0.286874
0.290243
0.292616
0.291564
0.294014
0.296711
0.298985
0.297915
0.297915
0.299199
0.301096
0.300311
0.30013
0.300818
0.299275
0.299962
0.302737
0.305185
0.306035
0.308476
0.311999
0.311151
0.310657
0.316028
0.317006
0.323133
0.321516
0.321647
0.319014
0.316645
0.316695
0.314161
0.317433
0.317433
0.372448
0.372388
0.375301
0.375292
0.380632
0.379102
0.383326
0.384093
0.381399
0.378947
0.378061
0.377889
0.375897
0.377654
0.377476
0.377935
0.378942
0.37618
0.37521
0.374585
0.376477
0.379828
0.378108
0.378108
0.377951
0.37946
0.381091
0.382612
0.381535
0.378508
0.378736
0.3786
0.381423
0.380407
0.38085
0.381768
0.381109
0.382608
0.38201
0.380557
0.383587
0.381044
0.38057
0.379021
0.381026
0.38172
0.379803
0.379526
0.379526
0.380136
0.374043
0.376475
0.377246
0.377627
0.373025
0.370795
0.372748
0.367378
0.36297
0.359764
0.360681
0.358199
0.35713
0.356316
0.356491
0.353683
0.339993
0.334585
0.336282
0.340729
0.349511
0.347376
0.347376
0.34676
0.359217
0.362696
0.367262
0.36824
0.374609
0.387081
0.38868
0.393206
0.396376
0.403451
0.406921
0.411808
0.41984
0.426639
0.428961
0.43016
0.429513
0.434409
0.434741
0.434668
0.432457
0.43016
0.43016
0.42569
0.420788
0.41481
0.407763
0.407809
0.399682
0.395605
0.386261
0.377013
0.376063
0.375872
0.366818
0.363295
0.35996
0.357254
0.360259
0.358375
0.354683
0.355191
0.357432
0.357948
0.359257
0.357119
0.356572
0.356572
0.358902
0.359849
0.359672
0.362244
0.3627
0.361386
0.361666
0.362539
0.363663
0.366098
0.363346
0.364241
0.363166
0.36299
0.364448
0.365109
0.361973
0.363048
0.360624
0.360091
0.35797
0.357472
0.357134
0.357134
0.354993
0.355088
0.354699
0.351639
0.357977
0.351994
0.352214
0.352839
0.342426
0.344308
0.333363
0.168756
0.00321709
0.00193897
#Color Analysis with # Black Pixels, 4 saturation intervals (rows) and 12 hue intervals (cols)
328441
22113,21041,44605,31367,25591,44991,189406,111594,22946,7786,10192,16606,
18506,10906,324721,42185,638,1273,52727,54301,1619,2012,11663,24701,
7734,3568,388112,9958,48,180,883,9252,997,66,641,38434,
4743,1672,6235,1300,2317,306,221,1114,2641,245,39,4498,
