#Data (# Pixels Processed)
1729728
#Frame By Frame Analysis of Color
0.3154
0.316699
0.316596
0.315727
0.315727
0.313962
0.314271
0.313731
0.312747
0.311731
0.310428
0.310605
0.308942
0.309353
0.309096
0.307835
0.307624
0.307643
0.307239
0.305738
0.305035
0.304276
0.303363
0.302983
0.30147
0.299892
0.301186
0.29926
0.298675
0.298675
0.298602
0.298464
0.298907
0.299481
0.299171
0.297978
0.299833
0.299292
0.297489
0.297876
0.298008
0.29824
0.297435
0.297506
0.296341
0.295865
0.295987
0.295838
0.296436
0.296848
0.297006
0.298618
0.298651
0.298651
0.299873
0.30067
0.301326
0.300875
0.302154
0.303171
0.30362
0.303859
0.305093
0.306554
0.308187
0.307711
0.309966
0.310932
0.312605
0.312385
0.312967
0.314629
0.316713
0.316327
0.318555
0.318446
0.320226
0.320226
0.320278
0.320659
0.321933
0.32128
0.321475
0.32314
0.323579
0.325682
0.325951
0.326576
0.328764
0.329318
0.331517
0.331205
0.333059
0.334164
0.335493
0.335678
0.336081
0.337333
0.338267
0.339494
0.341684
0.34286
0.34286
0.345138
0.344822
0.347968
0.348596
0.35047
0.352015
0.354125
0.355105
0.356322
0.355733
0.35851
0.359271
0.359892
0.360398
0.36252
0.362716
0.362502
0.363506
0.364637
0.236554
0.236047
0.23749
0.2347
0.2347
0.23508
0.235655
0.236151
0.235593
0.236618
0.236722
0.23545
0.234531
0.235835
0.237623
0.239191
0.239842
0.238792
0.239958
0.239803
0.238501
0.23762
0.239787
0.239048
0.237165
0.235951
0.237458
0.236852
0.236486
0.236486
0.238539
0.240072
0.239987
0.241231
0.24154
0.237418
0.235444
0.233877
0.234119
0.234289
0.230246
0.228857
0.230178
0.231049
0.231231
0.232436
0.236
0.235933
0.237013
0.23513
0.235765
0.236769
0.237145
0.237145
0.235477
0.234224
0.236919
0.236642
0.23718
0.235353
0.236071
0.235749
0.237407
0.238364
0.24063
0.241803
0.243327
0.240555
0.242837
0.242923
0.242799
0.244882
0.248499
0.250623
0.251221
0.249476
0.250795
0.250795
0.249251
0.244244
0.243751
0.23957
0.239696
0.241369
0.239826
0.241709
0.241527
0.244016
0.244346
0.243428
0.242829
0.241813
0.242161
0.240955
0.241364
0.241152
0.241015
0.242952
0.241718
0.238746
0.23684
0.233343
0.233343
0.229537
0.226603
0.221749
0.219139
0.215399
0.219013
0.224952
0.233544
0.244689
0.278965
0.296619
0.315835
0.344478
0.377886
0.39605
0.41174
0.434627
0.46193
0.472292
0.479943
0.490704
0.502583
0.509135
0.509135
0.51504
0.518845
0.527895
0.52951
0.531929
0.532547
0.53404
0.533916
0.53845
0.539437
0.542682
0.543689
0.54426
0.539248
0.536134
0.529084
0.526846
0.521053
0.525351
0.520299
0.514539
0.508393
0.512178
0.502319
#Color Analysis with # Black Pixels, 4 saturation intervals (rows) and 12 hue intervals (cols)
273808
4196,3334,5905,9612,6289,4122,7275,14009,39777,41103,22781,7245,
2131,3570,20619,84090,2173,926,1335,10866,51022,31404,23400,15322,
1295,1108,74200,873470,443,284,384,3757,16116,6493,6715,8854,
13802,552,6694,16867,1683,342,289,3053,2683,1848,499,1982,
