#Data (# Pixels Processed)
1856448
#Frame By Frame Analysis of Color
0.235602
0.235328
0.231519
0.230196
0.228339
0.230405
0.232726
0.235855
0.237931
0.24364
0.244855
0.245395
0.243622
0.242924
0.243486
0.240669
0.240898
0.240898
0.239635
0.239146
0.24052
0.242438
0.241401
0.239911
0.237423
0.237063
0.23893
0.2396
0.240045
0.24068
0.240155
0.240041
0.238557
0.237997
0.238474
0.239296
0.241401
0.243094
0.244174
0.242431
0.24579
0.24579
0.24556
0.244899
0.246194
0.447763
0.44277
0.437941
0.43325
0.430635
0.431837
0.431324
0.434948
0.435341
0.430723
0.432198
0.433309
0.434695
0.436805
0.442517
0.442526
0.44566
0.44728
0.443631
0.441395
0.437665
0.437665
0.43407
0.428325
0.42561
0.418116
0.414283
0.411304
0.411047
0.410715
0.408728
0.408636
0.407473
0.407129
0.405848
0.405361
0.403131
0.400775
0.398251
0.393664
0.39401
0.395427
0.394623
0.398242
0.400154
0.400154
0.400575
0.397289
0.223924
0.225488
0.224322
0.225121
0.224005
0.224113
0.224361
0.224403
0.224751
0.225223
0.224562
0.224408
0.224483
0.225572
0.224662
0.22474
0.224329
0.224636
0.225661
0.225421
0.224531
0.225294
0.225294
0.22506
0.224038
0.223837
0.223069
0.222626
0.223443
0.223768
0.223969
0.223563
0.223643
0.223408
0.223414
0.224159
0.223367
0.22311
0.223527
0.222934
0.222044
0.222357
0.222892
0.222347
0.222059
0.222253
0.222253
0.222127
0.221592
0.221593
0.221618
0.221198
0.221659
0.221328
0.221442
0.221996
0.222029
0.22194
0.222254
0.221683
0.222
0.222793
0.222609
0.222874
0.222776
0.223095
0.223994
0.2241
0.223477
0.223527
0.223527
0.223533
0.223584
0.223614
0.22396
0.222917
0.223313
0.223482
0.222591
0.223951
0.223668
0.223975
0.224379
0.2245
0.22401
0.224189
0.223912
0.223158
0.223109
0.222776
0.223386
0.223072
0.222692
0.223198
0.223964
0.223964
0.222742
0.222728
0.222447
0.223537
0.222976
0.223011
0.224206
0.224407
0.224134
0.224471
0.224044
0.224368
0.224992
0.225174
0.225601
0.225707
0.226414
0.227708
0.227557
0.228016
0.229305
0.229662
0.231677
0.231677
0.23195
0.233178
0.235141
0.2347
0.234515
0.235073
0.236744
0.237448
0.239001
0.238105
0.238969
0.24004
0.24123
0.241909
0.242308
0.243794
0.243666
0.245885
0.246069
0.246744
0.247316
0.248279
0.248338
0.249876
0.249876
0.249825
0.251178
0.251282
0.253182
0.253711
0.254452
0.255923
0.256487
0.257566
0.258686
0.257759
0.257879
0.258739
0.26005
0.259286
0.259942
0.259822
0.260787
0.260826
0.26177
0.262246
0.262816
0.263267
0.263267
0.263631
0.263303
0.263755
0.265465
0.266305
0.265986
0.266976
0.267998
0.266627
0.268386
0.270562
0.270552
0.272388
0.272081
0.275352
0.275067
0.277687
0.275984
0.277576
0.278307
0.273141
0.300905
0.00312043
0.00334281
0.00334281
0.00366187
0.00361602
0.00363552
0.00363552
0
0
#Color Analysis with # Black Pixels, 4 saturation intervals (rows) and 12 hue intervals (cols)
333409
2707,2053,6022,31724,12041,9116,13012,33029,13684,3420,3061,2978,
539,1549,23506,331338,2623,1461,4949,73669,14987,1831,1189,445,
18,515,13930,836067,89,118,693,28040,8184,1600,486,99,
19284,254,1514,6603,2206,146,440,4775,3865,2571,107,501,
