#Data (# Pixels Processed)
1476288
#Frame By Frame Analysis of Color
0.221076
0.219711
0.222181
0.221331
0.222124
0.222909
0.22385
0.222338
0.222872
0.223245
0.223088
0.224821
0.226926
0.2269
0.228674
0.227927
0.229234
0.23096
0.229677
0.22995
0.229584
0.229584
0.230791
0.232074
0.233752
0.23278
0.232253
0.232767
0.234902
0.232873
0.232741
0.233196
0.230571
0.227065
0.22471
0.222288
0.221446
0.219423
0.217307
0.21511
0.212439
0.210121
0.209567
0.208138
0.20577
0.203914
0.203914
0.205344
0.206709
0.206517
0.20659
0.206962
0.208522
0.20861
0.210232
0.211098
0.210459
0.210255
0.212156
0.211174
0.210006
0.208646
0.208687
0.208207
0.20799
0.207186
0.205622
0.206027
0.205738
0.205461
0.205461
0.20444
0.20451
0.205565
0.206966
0.204714
0.207853
0.20645
0.205269
0.204631
0.204764
0.204822
0.203146
0.203191
0.204006
0.204341
0.204364
0.203787
0.204453
0.20403
0.20388
0.202407
0.202917
0.206856
0.206856
0.203742
0.204234
0.205127
0.206477
0.206042
0.205958
0.207175
0.206567
0.207539
0.20943
0.209478
0.210553
0.209993
0.209386
0.209969
0.209069
0.209801
0.211225
0.208633
0.209464
0.209651
0.208
0.21032
0.211527
0.211527
0.211335
0.210726
0.212938
0.214177
0.21581
0.214067
0.213685
0.213221
0.214172
0.211184
0.209896
0.210005
0.210132
0.208679
0.208373
0.205715
0.209739
0.211831
0.213123
0.211852
0.211923
0.210667
0.210127
0.210127
0.212422
0.210036
0.209111
0.209682
0.210857
0.209807
0.20771
0.20835
0.206354
0.20604
0.204945
0.204337
0.204147
0.205351
0.204982
0.204
0.203876
0.20603
0.206462
0.207468
0.207154
0.207003
0.207257
0.208818
0.208818
0.207577
0.206942
0.203274
0.207177
0.20914
0.209545
0.209995
0.208743
0.21009
0.210877
0.211047
0.208841
0.21187
0.21236
0.217308
0.217025
0.219841
0.221681
0.23082
0.236275
0.23818
0.237674
0.250232
0.250232
0.251129
0.259355
0.261612
0.260126
0.242363
0.240669
0.233844
0.238142
0.219351
0.226019
0.231216
0.232266
0.00992016
0.00237799
0.00266736
0.00268797
0.00271865
0.0157408
0.0683199
0.152101
0.185093
0.2006
0.206357
0.219012
0.219012
0.225332
0.22368
0.223408
0.22661
0.230734
0.232712
0.236511
0.239684
0.242037
0.24046
0.241842
0.237261
0.242443
0.241606
0.242308
#Color Analysis with # Black Pixels, 4 saturation intervals (rows) and 12 hue intervals (cols)
319916
11919,12882,24204,18421,8177,5694,10683,21680,13018,2166,2665,7281,
2929,2791,84728,33475,204,333,1063,6806,3187,705,636,1167,
598,1837,828282,3761,30,249,538,4799,956,148,350,549,
7266,890,14225,3901,3498,510,193,701,5097,605,33,541,
