#Data (# Pixels Processed)
2452032
#Frame By Frame Analysis of Color
0.601821
0.601711
0.602191
0.600813
0.600817
0.60098
0.60097
0.601869
0.600643
0.599199
0.602713
0.60091
0.602055
0.604025
0.602036
0.602883
0.603412
0.603412
0.602408
0.602827
0.602455
0.604049
0.604725
0.606174
0.606838
0.606233
0.60562
0.606809
0.605446
0.605115
0.60425
0.605029
0.60592
0.602771
0.60267
0.603793
0.600854
0.602373
0.602194
0.601544
0.602223
0.602525
0.602525
0.600972
0.602041
0.600799
0.599523
0.599729
0.598654
0.600872
0.601344
0.600715
0.602145
0.601996
0.602549
0.602851
0.600815
0.601782
0.599866
0.602133
0.599914
0.600166
0.601269
0.602284
0.601105
0.600451
0.600451
0.598901
0.596931
0.600273
0.599309
0.59829
0.597179
0.592202
0.591183
0.587519
0.584344
0.577823
0.575161
0.571872
0.572904
0.574344
0.573229
0.571384
0.570022
0.571515
0.571114
0.572759
0.573179
0.573257
0.573173
0.573173
0.573062
0.570557
0.578188
0.585025
0.581481
0.585441
0.596677
0.595193
0.592644
0.587548
0.578351
0.5811
0.583025
0.58608
0.590822
0.589066
0.589113
0.588106
0.58596
0.586686
0.587474
0.585565
0.582483
0.582483
0.58278
0.584645
0.584053
0.583566
0.582032
0.578379
0.576732
0.576828
0.578036
0.578777
0.577205
0.575774
0.576641
0.576167
0.577231
0.577182
0.577116
0.57566
0.576223
0.576643
0.577264
0.578537
0.580524
0.580524
0.580605
0.583339
0.583921
0.581727
0.584481
0.585756
0.585392
0.586781
0.587644
0.587529
0.587711
0.584736
0.582769
0.584418
0.585188
0.583081
0.584172
0.580032
0.575676
0.577087
0.579107
0.578016
0.577913
0.578267
0.578267
0.581049
0.581979
0.582482
0.582648
0.581579
0.580404
0.5786
0.578346
0.578414
0.578306
0.578259
0.578239
0.579831
0.581048
0.582557
0.581111
0.582653
0.58425
0.581797
0.586053
0.585395
0.583309
0.58557
0.58557
0.589568
0.592571
0.593398
0.594236
0.595859
0.597523
0.595489
0.581972
0.580332
0.570532
0.567901
0.566877
0.566427
0.570897
0.57279
0.572293
0.572701
0.574068
0.574717
0.566126
0.566139
0.566524
0.567527
0.565086
0.565086
0.56888
0.569153
0.571407
0.576527
0.576496
0.577143
0.577158
0.57426
0.57463
0.574294
0.573694
0.571272
0.571728
0.568673
0.57213
0.571932
0.574852
0.572058
0.572861
0.575612
0.574897
0.578973
0.583786
0.583786
0.581012
0.582245
0.58397
0.585055
0.581445
0.584043
0.58357
0.581295
0.579782
0.578762
0.579752
0.580014
0.584912
0.588014
0.591536
0.592288
0.60087
0.603908
0.605277
0.605218
0.603208
0.598764
0.590065
0.592761
0.592761
0.592235
0.592379
0.59167
0.601384
0.6037
0.605177
0.601668
0.600605
0.597783
0.598511
0.598696
0.594637
0.593503
0.59169
0.590608
0.593898
0.592307
0.59314
0.587132
0.584863
0.582003
0.581805
0.581897
0.581897
0.582273
0.582666
0.582567
0.579834
0.581515
0.579135
0.581399
0.583911
0.583809
0.579614
0.579975
0.579646
0.581251
0.579803
0.580739
0.580495
0.581714
0.578935
0.582565
0.581153
0.584715
0.585863
0.588833
0.588833
0.594573
0.596485
0.596451
0.595903
0.598189
0.59924
0.600136
0.600385
0.601595
0.600055
0.59722
0.596315
0.595247
0.593516
0.58999
0.591297
0.590368
0.592245
0.590949
0.589418
0.588001
0.58717
0.585998
0.586217
0.586217
0.581233
0.578122
0.575796
0.573951
0.574049
0.576329
0.577267
0.577971
0.575965
0.577094
0.575277
0.575307
0.574842
0.576137
0.575251
0.575246
0.575912
0.574517
0.575878
0.576536
0.577678
0.576492
0.574544
0.574544
0.573893
0.573016
0.571725
0.569499
0.569461
0.563317
0.562877
0.564755
0.564593
0.567123
0.567091
0.565206
0.565922
0.564453
0.566989
0.566528
0.565792
0.569158
0.568116
0.566376
0.566868
0.569041
0.569511
0.561017
0.561017
0.562858
0.564059
#Color Analysis with # Black Pixels, 4 saturation intervals (rows) and 12 hue intervals (cols)
305426
6418,16,28,1,2,35,433,3546,7861,9573,24559,89429,
27379,514,310,73,0,338,1070,12004,8482,4739,8043,172353,
430,129,100,52,24,267,5454,112545,8526,4078,5521,82241,
13631,198,423,140,9084,898,562675,799253,33199,3586,4543,122402,
