#Data (# Pixels Processed)
2502720
#Frame By Frame Analysis of Color
0.601718
0.588702
0.591751
0.588916
0.588282
0.587911
0.584282
0.590088
0.588738
0.589269
0.589466
0.589466
0.587758
0.588038
0.581344
0.580342
0.581757
0.583819
0.581951
0.582468
0.582316
0.582739
0.586083
0.587869
0.588091
0.58433
0.580239
0.58364
0.582744
0.590743
0.593104
0.594392
0.588282
0.583469
0.583006
0.583006
0.583701
0.587772
0.588715
0.582295
0.582131
0.581645
0.578676
0.581947
0.579532
0.584872
0.586536
0.589591
0.587835
0.586351
0.588693
0.587292
0.584597
0.58657
0.584388
0.579139
0.580157
0.579012
0.579321
0.580512
0.580512
0.578834
0.580908
0.581471
0.573053
0.574413
0.575623
0.574649
0.567271
0.567697
0.564548
0.566264
0.567911
0.57013
0.573391
0.574804
0.57238
0.576108
0.574218
0.578282
0.576885
0.57729
0.578222
0.578469
0.578469
0.579087
0.582654
0.583685
0.58375
0.56826
0.569852
0.576539
0.575405
0.577018
0.580286
0.575045
0.571594
0.574538
0.571825
0.570163
0.572377
0.567677
0.570331
0.572814
0.571228
0.573293
0.57476
0.573486
0.573486
0.576777
0.577302
0.576058
0.572459
0.575375
0.569183
0.565364
0.565574
0.566672
0.567892
0.569365
0.568824
0.570852
0.574577
0.575888
0.578069
0.574873
0.570607
0.570669
0.572417
0.571508
0.572684
0.573956
0.574619
0.574619
0.574442
0.572303
0.569683
0.568013
0.567723
0.562465
0.561018
0.562821
0.565091
0.563383
0.565176
0.565823
0.571342
0.575314
0.577811
0.575802
0.58
0.574006
0.576412
0.573988
0.573344
0.573853
0.573588
0.573588
0.57296
0.572541
0.572041
0.572627
0.570258
0.567725
0.557045
0.559706
0.556159
0.564416
0.567425
0.572214
0.575167
0.579179
0.579514
0.58326
0.581257
0.586064
0.573026
0.566809
0.567459
0.5645
0.565129
0.567575
0.567575
0.566314
0.571225
0.574405
0.573054
0.574518
0.571993
0.563798
0.562714
0.564789
0.577141
0.583811
0.581738
0.573373
0.567495
0.566391
0.565988
0.56673
0.570456
0.567152
0.563752
0.562545
0.561989
0.564682
0.564682
0.564059
0.569156
0.573249
0.574031
0.579057
0.580817
0.580185
0.5604
0.556219
0.555008
0.556667
0.56193
0.558898
0.560841
0.562073
0.565943
0.567922
0.567947
0.567404
0.560501
0.558729
0.559501
0.557112
0.558418
0.558418
0.564868
0.565402
0.571245
0.571989
0.569976
0.564088
0.568906
0.55851
0.556922
0.556117
0.563435
0.550402
0.55285
0.557076
0.563758
0.563423
0.564683
0.563988
0.564576
0.555239
0.55499
0.553101
0.555747
0.555747
0.560473
0.563784
0.563208
0.562562
0.565118
0.5647
0.56472
0.559595
0.557251
0.561129
0.563001
0.560063
0.564488
0.567764
0.570544
0.399565
0.404392
0.402904
0.400447
0.403609
0.371382
0.371946
0.369319
0.369319
0.372692
0.365225
0.366231
0.366243
0.367508
0.37156
0.372691
0.378134
0.381652
0.372226
0.369171
0.370494
0.368492
0.367896
0.365513
0.367579
0.367261
0.365457
0.360749
0.375508
0.394172
0.385241
0.382844
0.387911
0.387911
0.38813
0.393416
0.393383
0.393638
0.394005
0.392874
0.392633
0.396934
0.40058
0.402259
0.403879
0.402274
0.401221
0.405717
0.408689
0.405449
0.4014
0.397835
0.399045
0.399726
0.39764
0.395649
0.395449
0.395449
0.393223
0.391658
0.393242
0.398772
0.399277
0.421267
0.422983
0.426307
0.423742
0.420822
0.411794
0.41109
0.416888
0.421725
0.419998
0.423084
0.422536
0.420784
0.415154
0.416868
0.419909
0.421461
0.41176
0.413088
0.413088
0.413988
0.414336
0.407991
0.412456
0.409702
0.409986
0.410201
0.410043
0.41046
0.410065
0.407758
0.402894
0.403499
0.400923
0.404534
0.404805
0.405235
0.405587
0.402609
0.402116
0.40415
0.402385
0.406051
0.406051
0.402486
0.404148
0.40006
0.407381
0.409344
0.409257
0.413785
0.410182
0.413711
0.409165
0.408885
0.399388
0.399979
0.397171
0.395233
0.403659
0.399619
#Color Analysis with # Black Pixels, 4 saturation intervals (rows) and 12 hue intervals (cols)
322038
77738,5643,6306,2427,2875,20428,110639,115095,29345,27187,45907,138439,
152195,4103,1264,431,179,864,26166,91295,9860,5504,7918,66856,
18206,588,461,127,154,1052,124571,231362,2658,831,3811,50923,
50572,531,548,288,4842,3072,117317,431018,10577,1605,560,176343,
