#Data (# Pixels Processed)
1609344
#Frame By Frame Analysis of Color
0.456114
0.454687
0.454965
0.453019
0.453101
0.452556
0.45107
0.451737
0.449708
0.450477
0.45069
0.45069
0.450376
0.454941
0.456225
0.458803
0.458524
0.460043
0.461952
0.460421
0.461569
0.460687
0.457155
0.454047
0.448861
0.44726
0.447229
0.450311
0.450141
0.451415
0.453325
0.450992
0.451111
0.451029
0.449455
0.449455
0.451701
0.452067
0.45133
0.449773
0.448964
0.447539
0.448712
0.448429
0.448535
0.446464
0.446472
0.448003
0.448315
0.447926
0.449557
0.446143
0.446666
0.446098
0.446225
0.446023
0.447477
0.447843
0.44952
0.446413
0.446413
0.446361
0.445377
0.442256
0.441522
0.438101
0.437394
0.436058
0.435244
0.437325
0.439519
0.444152
0.441679
0.440422
0.440436
0.44006
0.439322
0.439543
0.440803
0.442605
0.442053
0.441591
0.444182
0.443697
0.443697
0.44213
0.447995
0.449328
0.450486
0.449872
0.449244
0.449041
0.451171
0.44874
0.449838
0.448785
0.449398
0.44922
0.449111
0.449598
0.450424
0.449629
0.451088
0.451109
0.449823
0.451211
0.447719
0.447199
0.447199
0.450951
0.4504
0.452875
0.452073
0.453724
0.45465
0.454031
0.451407
0.45075
0.449458
0.448043
0.44877
0.448323
0.44822
0.450209
0.449518
0.450749
0.450898
0.450597
0.449475
0.450715
0.450013
0.449802
0.449281
0.449281
0.449458
0.44916
0.448608
0.448859
0.448856
0.447204
0.446434
0.446614
0.446313
0.445524
0.447358
0.44879
0.446142
0.448047
0.447551
0.449036
0.448169
0.448398
0.447603
0.445359
0.442121
0.55072
0.554315
0.554315
0.558027
0.56101
0.566549
0.555892
0.555391
0.554852
0.553252
0.563259
0.561581
0.562452
0.563834
0.564009
0.561336
0.560629
0.55999
0.557713
0.555133
0.555162
0.556939
0.554001
0.556986
0.557089
0.561611
0.562646
0.562646
0.562232
0.563993
0.559189
0.554869
0.557134
0.559484
0.557538
0.556917
0.55803
0.563661
0.564161
0.559639
0.560923
0.561066
0.566071
0.555237
0.559279
0.548881
0.554719
0.552772
0.557163
0.557312
0.561804
0.561804
0.561213
0.565132
0.564699
0.569887
0.559655
0.560965
0.559905
0.562149
0.565234
0.560915
0.562654
0.560871
0.563812
0.565241
0.565461
0.565619
0.562557
0.565451
0.564564
0.565894
0.570759
0.570758
0.568867
0.568867
0.571114
0.574724
0.576966
0.57471
0.573503
0.56274
0.563291
0.562493
0.568058
0.565355
0.5652
0.566089
0.56736
0.565407
0.570051
0.567354
0.567972
0.55543
0.55649
0.552958
0.55414
0.556752
0.557979
#Color Analysis with # Black Pixels, 4 saturation intervals (rows) and 12 hue intervals (cols)
202221
34175,6756,5040,1627,1996,12471,125879,79319,18809,10905,14234,42256,
59728,27656,1586,391,295,1518,12572,65148,4788,2460,3451,18915,
15084,8402,764,158,354,4606,14765,54874,2199,647,1676,19427,
19050,2950,908,1016,5280,17215,228924,372748,9734,1195,680,72491,
