#Data (# Pixels Processed)
1736064
#Frame By Frame Analysis of Color
0.451415
0.448502
0.447587
0.448937
0.446923
0.446923
0.446939
0.445989
0.446861
0.447021
0.445945
0.446665
0.448055
0.450274
0.448475
0.44814
0.447607
0.44749
0.44941
0.449447
0.452464
0.451264
0.450471
0.450877
0.449874
0.448851
0.448612
0.44888
0.449475
0.446894
0.446894
0.448149
0.44793
0.44687
0.447528
0.446408
0.44526
0.44667
0.447804
0.444777
0.446945
0.449043
0.450752
0.450066
0.449851
0.437515
0.357749
0.3092
0.258113
0.209534
0.126186
0.113363
0.131558
0.146167
0.146167
0.247856
0.298984
0.34802
0.415839
0.445723
0.449678
0.447919
0.44881
0.447882
0.443445
0.443377
0.444725
0.445495
0.444659
0.444644
0.444216
0.444792
0.442529
0.442711
0.44287
0.443767
0.441098
0.442681
0.442681
0.442821
0.44247
0.44209
0.441206
0.444335
0.443297
0.442202
0.441834
0.443643
0.442334
0.43909
0.438219
0.433986
0.43533
0.436755
0.436007
0.437428
0.438969
0.438236
0.439501
0.44017
0.439936
0.437793
0.437995
0.437995
0.438546
0.438172
0.438197
0.437714
0.436745
0.436454
0.435607
0.437477
0.43881
0.438247
0.439854
0.439068
0.437433
0.439005
0.438868
0.441559
0.441269
0.441498
0.439147
0.439321
0.439699
0.439299
0.438505
0.438505
0.438989
0.438845
0.439011
0.439541
0.440594
0.440231
0.438832
0.438529
0.438611
0.437386
0.438689
0.438273
0.43918
0.439104
0.440824
0.440986
0.441198
0.443625
0.44189
0.44269
0.443044
0.442151
0.440491
0.439828
0.439828
0.442043
0.43993
0.440973
0.440368
0.43913
0.437912
0.437197
0.439741
0.440467
0.43971
0.439682
0.439776
0.44125
0.438664
0.437218
0.438766
0.438244
0.437062
0.435554
0.438335
0.437833
0.436815
0.440681
0.440681
0.438244
0.439465
0.438204
0.436896
0.436065
0.436138
0.435203
0.433276
0.440071
0.441364
0.437843
0.43791
0.436688
0.439079
0.439124
0.438447
0.437975
0.437883
0.439158
0.438504
0.438714
0.436695
0.437992
0.438281
0.438281
0.435838
0.4365
0.437079
0.436997
0.437697
0.438352
0.436776
0.438087
0.438892
0.438964
0.438883
0.442591
0.439793
0.440141
0.441325
0.441156
0.44065
0.441501
0.441795
0.441547
0.44109
0.438106
0.440315
0.440315
0.440085
0.439337
0.438034
0.440132
0.44078
0.439494
0.439777
0.439807
0.438398
0.439313
0.440725
0.44
0.442489
0.443224
0.442235
0.44298
0.444142
0.443082
0.445029
0.442807
0.442274
0.445533
0.429206
0.429206
0.430369
0.430816
0.431539
0.433957
0.431648
0.429823
0.428766
0.425211
0.420783
0.423814
0.419525
0.422088
0.420327
0.420218
0.412806
0.416473
0.415338
0.416355
0.414224
0.41468
0.412887
0.413392
0.41075
0.410632
#Color Analysis with # Black Pixels, 4 saturation intervals (rows) and 12 hue intervals (cols)
356809
11626,6752,2856,1363,1549,10354,102374,10687,3965,1977,3031,3342,
33556,8981,587,477,1298,9619,137723,48286,3772,2454,2992,5813,
11890,1284,332,318,820,24366,154650,100295,2242,426,1130,18422,
26762,871,1328,678,9109,9896,478870,80768,9780,989,673,27921,
