#Data (# Pixels Processed)
2553408
#Frame By Frame Analysis of Color
0.36354
0.365174
0.366198
0.3722
0.371676
0.379706
0.383537
0.379863
0.379019
0.378575
0.379869
0.363389
0.36189
0.365242
0.359406
0.363108
0.362772
0.358124
0.358124
0.357473
0.343659
0.33224
0.307305
0.29176
0.305685
0.306536
0.274688
0.273225
0.248332
0.248128
0.346369
0.360732
0.46365
0.467231
0.478411
0.496491
0.437296
0.43876
0.441879
0.43432
0.420571
0.380681
0.380681
0.386845
0.381998
0.334976
0.372559
0.373077
0.371944
0.334865
0.330782
0.378027
0.377188
0.328199
0.32947
0.366491
0.365676
0.317422
0.319774
0.3749
0.382697
0.332952
0.330911
0.377266
0.378274
0.372234
0.372234
0.427551
0.436184
0.443948
0.443153
0.445197
0.445219
0.439985
0.441682
0.440589
0.440939
0.386868
0.384038
0.382587
0.376332
0.369637
0.369156
0.367094
0.366523
0.364381
0.362916
0.363162
0.358151
0.354725
0.346299
0.346299
0.336654
0.333135
0.331598
0.331723
0.332553
0.33652
0.345051
0.351264
0.351654
0.340003
0.334914
0.334967
0.33622
0.334451
0.335573
0.390049
0.389554
0.398308
0.404467
0.40224
0.403248
0.406578
0.406266
0.406266
0.402991
0.402963
0.403686
0.455943
0.461697
0.458448
0.463878
0.465665
0.46363
0.463147
0.463773
0.463163
0.463046
0.462689
0.463941
0.431949
0.421757
0.422803
0.413165
0.401118
0.39585
0.391538
0.402015
0.389796
0.389796
0.32978
0.332267
0.326489
0.329893
0.323348
0.326468
0.317093
0.314301
0.311276
0.310694
0.322822
0.331951
0.332951
0.332213
0.329218
0.327046
0.331641
0.33217
0.337752
0.340223
0.396534
0.398255
0.397057
0.397057
0.394683
0.393211
0.395008
0.400334
0.387325
0.407621
0.398017
0.398946
0.396967
0.388192
0.38869
0.397482
0.400863
0.422602
0.423027
0.504463
0.455647
0.358172
0.357729
0.365612
0.356926
0.354204
0.349289
0.347379
0.347379
0.343608
0.350767
0.408154
0.413926
0.416213
0.427973
0.429066
0.440473
0.442009
0.43707
0.438162
0.441164
0.513301
0.509515
0.508606
0.500647
0.506388
0.535149
0.535682
0.55061
0.571415
0.537647
0.499343
0.499343
0.478825
0.486942
0.48752
0.476893
0.477504
0.477435
0.476366
0.476479
0.500368
0.360831
0.361079
0.360784
0.362473
0.356953
0.356553
0.355415
0.348797
0.350591
0.35444
0.353104
0.327508
0.32984
0.329549
0.329549
0.330706
0.335744
0.332705
0.333765
0.335852
0.334908
0.333947
0.331572
0.331309
0.352218
0.336704
0.330761
0.331289
0.333354
0.34898
0.349387
0.351856
0.348042
0.344159
0.333661
0.332948
0.332077
0.331081
0.331577
0.331577
0.332073
0.335288
0.403805
0.361631
0.413714
0.416563
0.418695
0.370849
0.367039
0.430728
0.436299
0.387517
0.38833
0.358853
0.335825
0.292611
0.293995
0.329693
0.329325
0.30656
0.305053
0.332505
0.333024
0.333024
0.298609
0.314143
0.309017
0.30479
0.305393
0.313023
0.325802
0.330067
0.33198
0.331735
0.331469
0.334179
0.335644
0.334777
0.333001
0.331731
0.33327
0.335201
0.34125
0.347206
0.345434
0.347476
0.348004
0.348649
0.348649
0.334301
0.339567
0.339126
0.344866
0.346803
0.338448
0.338789
0.334627
0.33014
0.329273
0.338408
0.338693
0.33735
0.337495
0.339026
0.403087
0.394027
0.394288
0.393493
0.388418
0.403229
0.401428
0.412344
0.412344
0.409273
0.421776
0.426872
0.425635
0.428114
0.427834
0.425422
0.425195
0.429288
0.428021
0.428539
0.429926
0.360397
0.354875
0.352999
0.347973
0.347413
0.348922
0.350646
0.348455
0.348436
0.348248
0.343075
0.343075
0.355059
0.356097
0.365092
0.369585
0.36753
0.36143
0.362645
0.363026
0.350805
0.339355
0.339019
0.337707
0.339928
0.344176
0.346443
0.345386
0.345261
0.343981
0.343897
0.342155
0.330917
0.332072
0.334588
0.332169
0.332169
0.317146
0.309183
0.309424
0.310219
0.312633
0.312721
0.319366
0.319634
0.337438
0.341439
0.337503
0.336937
0.327501
0.326472
0.328499
0.329211
0.327599
0.322524
#Color Analysis with # Black Pixels, 4 saturation intervals (rows) and 12 hue intervals (cols)
578330
24173,15989,16855,9195,10675,23788,15328,17166,26768,17819,24286,30568,
115659,61420,39133,15317,18425,66556,46152,22615,19177,16849,67043,138405,
177894,52195,27728,6811,13712,73671,66149,11712,7459,7040,40434,200635,
119974,40036,22741,8614,17002,79091,39061,12658,7476,3054,12561,68008,
