#Data (# Pixels Processed)
1755072
#Frame By Frame Analysis of Color
0.101794
0.101266
0.0999624
0.0999197
0.0995799
0.100716
0.0994714
0.100132
0.101344
0.102126
0.101937
0.103394
0.104625
0.105054
0.106002
0.106337
0.106072
0.105116
0.105387
0.103186
0.102755
0.102755
0.102889
0.103675
0.103564
0.104634
0.104729
0.103648
0.10411
0.103409
0.104373
0.10437
0.104039
0.105341
0.10557
0.106444
0.106394
0.106689
0.106919
0.109066
0.108851
0.110422
0.110009
0.108986
0.109131
0.109131
0.10954
0.109782
0.109628
0.10977
0.109938
0.110365
0.110392
0.110544
0.110536
0.110788
0.1106
0.110463
0.11037
0.109177
0.109017
0.108628
0.108728
0.107676
0.107176
0.10688
0.106769
0.105804
0.106617
0.106453
0.106453
0.107354
0.106802
0.106241
0.106717
0.106553
0.107172
0.107835
0.135388
0.135853
0.13642
0.133132
0.134951
0.136131
0.136154
0.139446
0.137466
0.138993
0.139191
0.13937
0.138641
0.138067
0.13939
0.139741
0.139741
0.138402
0.138301
0.138718
0.139794
0.139662
0.140397
0.139087
0.138519
0.139384
0.139678
0.140478
0.141115
0.142283
0.141071
0.14085
0.139636
0.140333
0.141663
0.141663
0.141684
0.141237
0.141904
0.142149
0.143031
0.143031
0.141919
0.141811
0.143004
0.143384
0.144601
0.143927
0.144446
0.144217
0.143429
0.144682
0.144533
0.144973
0.145678
0.14508
0.144517
0.145019
0.144498
0.143285
0.142499
0.143447
0.141942
0.142601
0.143279
0.143279
0.143907
0.143768
0.142645
0.141375
0.141831
0.14017
0.141267
0.138951
0.139166
0.13982
0.14069
0.140265
0.140794
0.140615
0.1415
0.140841
0.140851
0.139388
0.139716
0.142029
0.141838
0.140832
0.140939
0.140939
0.139663
0.139579
0.140316
0.139761
0.142565
0.141104
0.141803
0.142351
0.141824
0.140871
0.140607
0.139852
0.140471
0.141278
0.140503
0.140122
0.139907
0.135858
0.134694
0.135153
0.132038
0.129416
0.128821
0.128778
0.128778
0.128383
0.126571
0.124801
0.124557
0.123684
0.120988
0.120572
0.120324
0.121006
0.122279
0.120906
0.120861
0.120082
0.120925
0.121273
0.12192
0.122293
0.123929
0.122521
0.123255
0.122894
0.121183
0.121433
0.121433
0.121487
0.122387
0.121512
0.124167
0.123416
0.124275
0.123076
0.124272
0.12377
0.124607
0.122685
0.122501
0.123795
0.124055
0.124195
0.124031
0.125276
0.125073
0.125258
0.12463
0.160221
0.147896
0.146943
0.140355
0.140355
0.130078
0.121915
0.113077
0.109526
0.1085
0.108098
0.107396
0.108234
0.109389
0.110965
0.112417
0.113478
0.118183
0.119414
0.122252
0.122946
0.125763
0.125387
0.125518
0.124827
0.123516
0.118124
0.117718
0.117718
0.11828
0.119975
0.122733
0.124625
0.124995
0.124746
0.124179
0.120855
0.118605
0.117915
0.117456
#Color Analysis with # Black Pixels, 4 saturation intervals (rows) and 12 hue intervals (cols)
388124
25241,198891,19017,5702,1564,2436,3920,1152,417,134,100,935,
89852,258922,19882,2297,1301,1245,6483,3330,80,6,20,397,
229089,71206,13976,2005,619,2643,4384,17075,943,79,1,968,
179020,38546,23648,6336,5078,5623,28655,67076,2122,1175,266,23090,
