#Data (# Pixels Processed)
2078208
#Frame By Frame Analysis of Color
0.150825
0.150942
0.152398
0.154104
0.151668
0.151806
0.151286
0.151513
0.150043
0.14972
0.148332
0.148765
0.147848
0.148937
0.149342
0.148858
0.147888
0.149413
0.149881
0.149196
0.148494
0.148887
0.149146
0.148837
0.14904
0.14904
0.149231
0.149012
0.149312
0.14956
0.150147
0.149713
0.148242
0.1481
0.146238
0.146588
0.145482
0.145903
0.145308
0.145535
0.144396
0.145598
0.144726
0.144605
0.144339
0.144669
0.144912
0.144504
0.144506
0.144506
0.144297
0.149962
0.150755
0.149904
0.148423
0.151305
0.152033
0.152063
0.151754
0.151739
0.152118
0.149783
0.148225
0.15424
0.150878
0.152735
0.153823
0.155354
0.154197
0.153922
0.154223
0.152045
0.157974
0.157974
0.157293
0.15754
0.15507
0.154711
0.152982
0.153494
0.153373
0.155518
0.155609
0.150588
0.149633
0.151216
0.152212
0.147528
0.148802
0.147145
0.147981
0.151451
0.153038
0.151932
0.154462
0.148786
0.148436
0.147143
0.147143
0.147393
0.147204
0.141096
0.137606
0.13767
0.139433
0.136856
0.134088
0.133133
0.131481
0.132311
0.132293
0.132105
0.133703
0.133258
0.132006
0.128833
0.131404
0.130237
0.130788
0.131322
0.130967
0.128418
0.128418
0.128701
0.128504
0.128231
0.133115
0.131374
0.132972
0.13248
0.130516
0.12951
0.128434
0.128268
0.129715
0.125964
0.127143
0.127127
0.127254
0.127151
0.125399
0.127078
0.126232
0.125253
0.125555
0.125101
0.123143
0.123143
0.122651
0.121708
0.121013
0.120036
0.117642
0.117947
0.118901
0.119032
0.117478
0.116524
0.117179
0.117751
0.113794
0.116495
0.116504
0.114019
0.116623
0.115445
0.115163
0.116332
0.117696
0.116707
0.1111
0.1111
0.110934
0.11393
0.114466
0.115257
0.115739
0.113079
0.113812
0.1132
0.114527
0.114154
0.11385
0.114679
0.114312
0.115554
0.113759
0.115279
0.115832
0.116315
0.116882
0.116278
0.116145
0.115666
0.116568
0.116568
0.116799
0.117193
0.117658
0.1181
0.118298
0.118096
0.118231
0.138871
0.13956
0.139636
0.139838
0.140297
0.140071
0.13981
0.139601
0.139937
0.139375
0.140004
0.139443
0.140499
0.140598
0.141077
0.141032
0.140048
0.140048
0.140347
0.141575
0.141101
0.140321
0.140716
0.140897
0.140373
0.14092
0.141178
0.140103
0.140323
0.140447
0.141087
0.141014
0.141462
0.141685
0.141521
0.141089
0.141214
0.141073
0.141076
0.141182
0.140373
0.140373
0.139415
0.139632
0.139091
0.139306
0.13915
0.139455
0.139205
0.139495
0.138288
0.138603
0.138541
0.137721
0.137582
0.134127
0.132644
0.133263
0.132808
0.126899
0.126952
0.12598
0.129563
0.132255
0.13159
0.131445
0.131445
0.13145
0.131741
0.134025
0.132258
0.131367
0.133197
0.134057
0.13308
0.135182
0.134692
0.133993
0.133309
0.133532
0.134568
0.134743
0.134466
0.135139
0.135837
0.136019
0.134895
0.135336
0.134762
0.136111
0.136111
0.135851
0.136357
0.135359
0.135665
0.135369
0.135314
0.13433
0.13527
0.134609
0.136229
0.135046
0.13543
0.135489
0.133205
0.133777
0.136011
0.136197
0.138062
0.138884
0.138361
0.139944
0.1378
0.141547
0.141384
0.141384
0.142913
0.143641
0.142839
0.145008
0.142728
0.140615
0.140185
0.140855
0.141267
#Color Analysis with # Black Pixels, 4 saturation intervals (rows) and 12 hue intervals (cols)
455792
11954,65681,88756,34439,11643,5361,540,276,402,781,1194,3211,
128473,87127,60521,86558,29628,11840,2251,303,742,3560,6774,15898,
384046,94946,18670,12434,31915,7485,4253,392,1828,148,716,18090,
207289,60422,32855,23597,21817,14907,6483,1083,3971,1052,629,15474,
