#Data (# Pixels Processed)
1843776
#Frame By Frame Analysis of Color
0.11342
0.113645
0.113943
0.113932
0.113717
0.113302
0.113151
0.113142
0.111286
0.110676
0.110232
0.110003
0.108523
0.108555
0.108555
0.106088
0.106764
0.107587
0.106632
0.106248
0.106446
0.105912
0.106047
0.10616
0.106878
0.106138
0.105866
0.105462
0.105913
0.106035
0.105665
0.105779
0.105639
0.106875
0.107896
0.108186
0.107294
0.107701
0.107421
0.107421
0.10797
0.107554
0.107755
0.107559
0.107497
0.107922
0.106269
0.108407
0.108466
0.108471
0.108336
0.107974
0.107527
0.107108
0.105905
0.106229
0.10625
0.106798
0.106636
0.105731
0.105751
0.106617
0.105779
0.105779
0.105689
0.105347
0.106048
0.105892
0.110922
0.110685
0.110594
0.111206
0.110965
0.110923
0.110024
0.110988
0.110445
0.111127
0.110946
0.110334
0.110143
0.110138
0.109775
0.11018
0.110694
0.111418
0.110712
0.110712
0.110326
0.110177
0.110866
0.111031
0.111579
0.112136
0.112199
0.112198
0.112345
0.112645
0.112785
0.113357
0.112687
0.112208
0.112048
0.111465
0.110803
0.111975
0.112273
0.11199
0.112423
0.112062
0.111997
0.111417
0.111417
0.110392
0.110875
0.110592
0.110788
0.111052
0.110982
0.110842
0.110744
0.11076
0.11054
0.111177
0.111811
0.111398
0.111057
0.11096
0.111048
0.109619
0.110365
0.110267
0.110116
0.11125
0.111116
0.110458
0.110458
0.109609
0.109183
0.109657
0.108095
0.109349
0.110636
0.112326
0.111822
0.11244
0.113461
0.113552
0.11421
0.111503
0.112358
0.1123
0.111872
0.110813
0.111391
0.111649
0.110797
0.110453
0.109604
0.109612
0.109825
0.109825
0.112055
0.111379
0.109832
0.110904
0.110823
0.112303
0.111122
0.11133
0.108719
0.107923
0.105753
0.106797
0.106034
0.106018
0.105074
0.105504
0.103187
0.103209
0.103898
0.103896
0.104132
0.103519
0.104566
0.104566
0.100276
0.100107
0.100972
0.101554
0.100721
0.100713
0.101277
0.100773
0.101708
0.0975407
0.0984139
0.0990828
0.0985798
0.100071
0.0997875
0.10066
0.101712
0.100067
0.100502
0.0991291
0.0988152
0.0971512
0.0967736
0.0963171
0.0963171
0.0891143
0.0891758
0.0890206
0.0894447
0.0897682
0.0893042
0.0898448
0.0789844
0.0789915
0.0791589
0.0900516
0.0811941
0.0807698
0.0807117
0.0924308
0.0830678
0.0833093
0.0879761
0.0869864
0.0894359
0.0905393
0.0865954
0.0863416
0.0863416
0.0939366
0.0931921
0.0945879
0.0949065
0.0972099
0.096806
0.0973751
0.0974461
0.0968167
0.0971242
0.0968794
0.0974083
0.0950047
0.0948278
0.0940238
0.0931703
0.0927915
0.09207
0.0927501
0.093419
0.0931163
0.09314
0.0928355
0.0928355
0.0920861
0.0914733
0.0916016
0.0927246
0.0921958
0.0918755
0.0909372
0.0911222
0.0915549
0.091201
0.090862
0.0991896
0.0992444
0.098236
0.0981615
0.0983021
0.0976662
0.0969826
0.0975051
0.097395
0.0977384
0.0975838
0.097832
0.0980779
0.0980779
0.0974539
0.0970573
0.0972745
0.0970945
0.0970188
0.0975664
0.0971245
#Color Analysis with # Black Pixels, 4 saturation intervals (rows) and 12 hue intervals (cols)
403410
6411,130280,35091,6060,540,976,461,184,69,19,211,712,
39362,347293,30509,3661,151,668,425,14,41,0,2402,2947,
150943,350782,7772,3529,37,1633,875,105,1748,14,10882,6906,
211539,34478,4636,3947,3887,2380,461,1312,9696,1387,4768,18161,
